versioninfo
{
	"editorversion" "400"
	"editorbuild" "5004"
	"mapversion" "10"
	"formatversion" "100"
	"prefab" "0"
}
visgroups
{
}
viewsettings
{
	"bSnapToGrid" "1"
	"bShowGrid" "1"
	"bShowLogicalGrid" "0"
	"nGridSpacing" "8"
	"bShow3DGrid" "0"
}
world
{
	"id" "1"
	"mapversion" "10"
	"classname" "worldspawn"
	"detailmaterial" "detail/detailsprites"
	"detailvbsp" "detail.vbsp"
	"maxpropscreenwidth" "-1"
	"skyname" "sky_day01_01"
	solid
	{
		"id" "2"
		side
		{
			"id" "1"
			"plane" "(-16 16 16) (16 16 16) (16 -16 16)"
			"material" "DEV/DEV_SLIME"
			"uaxis" "[1 0 0 0] 0.25"
			"vaxis" "[0 -1 0 0] 0.25"
			"rotation" "0"
			"lightmapscale" "16"
			"smoothing_groups" "0"
			dispinfo
			{
				"power" "3"
				"startposition" "[-16 -16 16]"
				"flags" "0"
				"elevation" "0"
				"subdiv" "1"
				normals
				{
					"row0" "0 0 -1 0 0 -1 0 0 -1 0 0 -1 0 0 -1 0 0 1 0 0 1 0 0 1 0 0 1"
					"row1" "0 0 -1 0 0 -1 0 0 -1 0 0 -1 0 0 -1 0 0 1 0 0 1 0 0 1 0 0 1"
					"row2" "0 0 -1 0 0 -1 0 0 -1 0 0 -1 0 0 -1 0 0 0.999998 0 0 1 0 0 1 0 0 1"
					"row3" "0 0 -1 0 0 -1 0 0 -1 0 0 -1 0 0 -1 0 0 -1 0 0 1 0 0 1 0 0 1"
					"row4" "0 0 -1 0 0 -1 0 0 -1 0 0 -1 0 0 -1 0 0 -1 0 0 -0.999999 0 0 1 0 0 1"
					"row5" "0 0 -1 0 0 -1 0 0 -1 0 0 -1 0 0 -1 0 0 -1 0 0 -1 0 0 1 0 0 1"
					"row6" "0 0 -1 0 0 -1 0 0 -1 0 0 -1 0 0 -1 0 0 -1 0 0 -1 0 0 -1 0 0 1"
					"row7" "0 0 -1 0 0 -1 0 0 -1 0 0 -1 0 0 -1 0 0 -1 0 0 -1 0 0 -1 0 0 -1"
					"row8" "0 0 -1 0 0 -1 0 0 -1 0 0 -1 0 0 -1 0 0 -1 0 0 -1 0 0 -1 0 0 -1"
				}
				distances
				{
					"row0" "9.25513 8.38593 6.61134 4.51497 2.05212 0.609873 2.33324 3.18977 3.70345"
					"row1" "10.3827 9.8217 8.75581 6.45951 2.57085 0.536618 2.14184 3.27035 4.0135"
					"row2" "11.5712 11.8509 11.3841 9.3886 4.26159 0.0600634 1.50227 2.74673 3.89278"
					"row3" "12.3909 13.3754 13.1666 11.3446 5.90281 1.30705 0.800488 2.10916 3.29257"
					"row4" "12.7876 13.8753 13.7779 12.0642 7.11239 2.89792 0.195118 1.31956 2.51901"
					"row5" "12.2695 13.3044 13.1839 11.5181 7.92474 4.41749 1.67738 0.370577 1.52865"
					"row6" "10.9631 11.8132 11.5369 9.84238 8.31423 5.7339 2.99858 0.646814 0.462511"
					"row7" "9.24323 9.73733 9.37701 8.71765 8.15156 6.72884 4.05432 1.60445 0.576291"
					"row8" "8.38045 8.46121 8.08622 8.04185 7.4952 6.47904 4.65454 2.31205 1.35229"
				}
				offsets
				{
					"row0" "7.61156 7.61156 -7.61156 4.92636 7.04493 -7.04493 2.95397 6.45615 -6.45615 1.39223 6.0618 -6.0618 0 5.86389 -5.86389 -1.39223 6.0618 -6.0618 -2.95397 6.45615 -6.45615 -4.92636 7.04493 -7.04493 -7.61156 7.61156 -7.61156"
					"row1" "7.04493 4.92636 -7.04493 4.74358 4.74358 -5.84966 2.88592 4.40091 -5.03613 1.36044 4.12067 -4.52131 0 4.00124 -4.33498 -1.36044 4.12067 -4.52131 -2.88592 4.40091 -5.03613 -4.74358 4.74358 -5.84966 -7.04493 4.92636 -7.04493"
					"row2" "6.45615 2.95397 -6.45615 4.40091 2.88592 -5.03613 2.7095 2.7095 -4.00673 1.29171 2.55853 -3.44068 0 2.47911 -3.21539 -1.29171 2.55853 -3.44068 -2.7095 2.7095 -4.00673 -4.40091 2.88592 -5.03613 -6.45615 2.95397 -6.45615"
					"row3" "6.0618 1.39223 -6.0618 4.12067 1.36044 -4.52131 2.55853 1.29171 -3.44068 1.2238 1.2238 -2.76405 0 1.19173 -2.52221 -1.2238 1.2238 -2.76405 -2.55853 1.29171 -3.44068 -4.12067 1.36044 -4.52131 -6.0618 1.39223 -6.0618"
					"row4" "5.86388 0 -5.86388 4.00124 0 -4.33498 2.47911 0 -3.21539 1.19173 0 -2.52221 0 0 -2.21379 -1.19173 0 -2.52221 -2.47911 0 -3.21539 -4.00124 0 -4.33498 -5.86389 0 -5.86389"
					"row5" "6.0618 -1.39223 -6.0618 4.12067 -1.36044 -4.52131 2.55853 -1.29171 -3.44068 1.2238 -1.2238 -2.76405 0 -1.19173 -2.52221 -1.2238 -1.2238 -2.76405 -2.55853 -1.29171 -3.44068 -4.12067 -1.36044 -4.52131 -6.0618 -1.39223 -6.0618"
					"row6" "6.45615 -2.95397 -6.45615 4.40091 -2.88592 -5.03613 2.7095 -2.7095 -4.00673 1.29171 -2.55853 -3.44068 0 -2.47911 -3.21539 -1.29171 -2.55853 -3.44068 -2.7095 -2.7095 -4.00673 -4.40091 -2.88592 -5.03613 -6.45615 -2.95397 -6.45615"
					"row7" "7.04493 -4.92636 -7.04493 4.74358 -4.74358 -5.84966 2.88592 -4.40091 -5.03613 1.36044 -4.12067 -4.52131 0 -4.00124 -4.33498 -1.36044 -4.12067 -4.52131 -2.88592 -4.40091 -5.03613 -4.74358 -4.74358 -5.84966 -7.04493 -4.92636 -7.04493"
					"row8" "7.61156 -7.61156 -7.61156 4.92636 -7.04493 -7.04493 2.95397 -6.45615 -6.45615 1.39223 -6.0618 -6.0618 0 -5.86389 -5.86389 -1.39223 -6.0618 -6.0618 -2.95397 -6.45615 -6.45615 -4.92636 -7.04493 -7.04493 -7.61156 -7.61156 -7.61156"
				}
				offset_normals
				{
					"row0" "-0.57735 -0.57735 0.57735 -0.459004 -0.629369 0.627064 -0.312726 -0.673846 0.669428 -0.167141 -0.696919 0.697401 0 -0.707107 0.707107 0.167381 -0.696903 0.697359 0.311096 -0.672667 0.67137 0.458283 -0.628791 0.62817 0.57735 -0.57735 0.57735"
					"row1" "-0.62817 -0.458283 0.628791 -0.459545 -0.454408 0.763106 -0.31237 -0.484489 0.817126 -0.147622 -0.493599 0.857069 9.33659e-005 -0.508872 0.860842 0.148631 -0.455529 0.877726 0.310976 -0.481382 0.819491 0.458667 -0.458667 0.761084 0.63154 -0.458283 0.625407"
					"row2" "-0.67137 -0.311096 0.672667 -0.480237 -0.313569 0.819174 -0.303918 -0.276289 0.911755 -0.165998 -0.31997 0.932772 -0.00064183 -0.342608 0.939478 0.164177 -0.328468 0.930137 0.301511 -0.301511 0.904534 0.483139 -0.31114 0.818394 0.678573 -0.311104 0.665396"
					"row3" "-0.697359 -0.167381 0.696903 -0.452223 -0.190353 0.871355 -0.327826 -0.155624 0.931832 -0.202065 -0.1486 0.968033 -0.000638962 -0.176023 0.984386 0.200197 -0.200197 0.959084 0.328468 -0.164177 0.930137 0.455529 -0.148631 0.877726 0.690434 -0.16748 0.703741"
					"row4" "-0.707107 0 0.707107 -0.509036 0.000316527 0.860745 -0.340459 -0.0012547 0.940259 -0.174751 -0.000662913 0.984612 0 0 1 0.176023 0.000638962 0.984386 0.342608 0.00064183 0.939478 0.508872 -9.33659e-005 0.860842 0.707107 0 0.707107"
					"row5" "-0.697401 0.167141 0.696919 -0.491871 0.192846 0.849042 -0.317183 0.154745 0.935654 -0.147238 0.147238 0.978081 0.000662913 0.174751 0.984612 0.1486 0.202065 0.968033 0.31997 0.165998 0.932772 0.493599 0.147622 0.857069 0.703333 0.167023 0.69096"
					"row6" "-0.669428 0.312726 0.673846 -0.480756 0.313655 0.818837 -0.271563 0.271563 0.923313 -0.154745 0.317183 0.935654 0.0012547 0.340459 0.940259 0.155624 0.327826 0.931832 0.276289 0.303918 0.911755 0.482729 0.312205 0.81823 0.667906 0.312695 0.675369"
					"row7" "-0.627064 0.459004 0.629369 -0.453689 0.453689 0.767028 -0.313127 0.479554 0.819743 -0.192846 0.491871 0.849042 -0.000316527 0.509036 0.860745 0.190353 0.452223 0.871355 0.314094 0.481435 0.818269 0.454408 0.459545 0.763106 0.626614 0.459 0.62982"
					"row8" "-0.57735 0.57735 0.57735 -0.458283 0.625407 0.63154 -0.311104 0.665396 0.678573 -0.16748 0.703741 0.690434 0 0.707107 0.707107 0.167023 0.69096 0.703333 0.312695 0.675369 0.667906 0.459 0.62982 0.626614 0.57735 0.57735 0.57735"
				}
				alphas
				{
					"row0" "0 0 0 0 0 0 0 0 0"
					"row1" "0 0 0 0 0 0 0 0 0"
					"row2" "0 0 0 0 0 0 0 0 0"
					"row3" "0 0 0 0 0 0 0 0 0"
					"row4" "0 0 0 0 0 0 0 0 0"
					"row5" "0 0 0 0 0 0 0 0 0"
					"row6" "0 0 0 0 0 0 0 0 0"
					"row7" "0 0 0 0 0 0 0 0 0"
					"row8" "0 0 0 0 0 0 0 0 0"
				}
				triangle_tags
				{
					"row0" "0 0 0 1 0 1 0 0 0 0 1 9 9 1 1 1"
					"row1" "0 9 1 1 0 0 0 0 0 0 9 9 9 9 9 9"
					"row2" "9 9 9 9 1 0 0 0 0 0 9 9 9 9 9 9"
					"row3" "9 9 9 9 1 1 0 0 0 0 1 9 9 9 9 9"
					"row4" "9 9 9 9 1 1 0 0 0 0 1 1 9 9 9 9"
					"row5" "9 9 9 9 1 1 9 0 0 0 0 0 1 1 9 9"
					"row6" "9 9 9 9 9 1 9 9 9 0 0 0 0 1 1 1"
					"row7" "9 9 9 9 9 9 9 9 9 9 1 0 0 0 0 0"
				}
				allowed_verts
				{
					"10" "-1 -1 -1 -1 -1 -1 -1 -1 -1 -1"
				}
			}
		}
		side
		{
			"id" "2"
			"plane" "(-16 -16 -16) (16 -16 -16) (16 16 -16)"
			"material" "DEV/DEV_SLIME"
			"uaxis" "[1 0 0 0] 0.25"
			"vaxis" "[0 -1 0 0] 0.25"
			"rotation" "0"
			"lightmapscale" "16"
			"smoothing_groups" "0"
			dispinfo
			{
				"power" "3"
				"startposition" "[-16 -16 -16]"
				"flags" "0"
				"elevation" "0"
				"subdiv" "1"
				normals
				{
					"row0" "0 0 -1 0 0 -1 0 0 -1 0 0 -0.999998 0 0 1 0 0 1 0 0 1 0 0 1 0 0 0.999998"
					"row1" "0 0 -1 0 0 -0.999999 0 0 1 0 0 1 0 0 1 0 0 1 0 0 1 0 0 1 0 0 1"
					"row2" "0 0 -0.999999 0 0 1 0 0 1 0 0 1 0 0 1 0 0 1 0 0 1 0 0 1 0 0 1"
					"row3" "0 0 1 0 0 1 0 0 1 0 0 1 0 0 1 0 0 1 0 0 1 0 0 1 0 0 1"
					"row4" "0 0 1 0 0 1 0 0 1 0 0 1 0 0 1 0 0 1 0 0 1 0 0 1 0 0 1"
					"row5" "0 0 1 0 0 1 0 0 1 0 0 1 0 0 1 0 0 1 0 0 1 0 0 1 0 0 1"
					"row6" "0 0 1 0 0 1 0 0 1 0 0 1 0 0 1 0 0 1 0 0 1 0 0 1 0 0 1"
					"row7" "0 0 1 0 0 1 0 0 1 0 0 1 0 0 1 0 0 1 0 0 1 0 0 1 0 0 1"
					"row8" "0 0 1 0 0 1 0 0 1 0 0 1 0 0 1 0 0 1 0 0 1 0 0 1 0 0 1"
				}
				distances
				{
					"row0" "1.74015 1.35077 0.775232 0.0749617 0.744289 0.959959 0.699703 0.358497 0.0748043"
					"row1" "1.0844 0.19102 0.561996 1.34036 2.16516 2.21803 1.8714 1.33276 0.593321"
					"row2" "0.14054 0.907503 1.82149 2.65927 3.44766 3.30585 2.87148 2.18156 1.26109"
					"row3" "1.08505 2.4344 3.57235 4.54645 5.35689 4.74718 3.64699 2.87202 1.87489"
					"row4" "2.97163 4.35963 5.57986 6.61768 7.34152 6.68206 5.37079 3.56009 2.29347"
					"row5" "4.8373 6.24088 7.498 8.56958 8.63204 7.96221 6.65447 4.85641 2.81532"
					"row6" "5.91361 7.36478 8.51439 9.17119 9.19361 8.54341 7.28804 5.6033 3.70133"
					"row7" "6.28122 7.49835 8.49631 9.07659 9.07792 8.46474 7.31086 5.8163 4.20542"
					"row8" "6.3711 7.12881 7.94648 8.44078 8.40644 7.83629 6.77681 5.48913 4.42664"
				}
				offsets
				{
					"row0" "7.61156 7.61156 7.61156 7.04493 4.92636 7.04493 6.45615 2.95397 6.45615 6.0618 1.39223 6.0618 5.86388 0 5.86389 6.0618 -1.39223 6.0618 6.45615 -2.95397 6.45615 7.04493 -4.92636 7.04493 7.61156 -7.61156 7.61156"
					"row1" "4.92636 7.04493 7.04493 4.74358 4.74358 5.84966 4.40091 2.88592 5.03613 4.12067 1.36044 4.52131 4.00124 0 4.33498 4.12067 -1.36044 4.52131 4.40091 -2.88592 5.03613 4.74358 -4.74358 5.84966 4.92636 -7.04493 7.04493"
					"row2" "2.95397 6.45615 6.45615 2.88592 4.40091 5.03613 2.7095 2.7095 4.00673 2.55853 1.29171 3.44068 2.47911 0 3.21539 2.55853 -1.29171 3.44068 2.7095 -2.7095 4.00673 2.88592 -4.40091 5.03613 2.95397 -6.45615 6.45615"
					"row3" "1.39223 6.0618 6.0618 1.36044 4.12067 4.52131 1.29171 2.55853 3.44068 1.2238 1.2238 2.76405 1.19173 0 2.52221 1.2238 -1.2238 2.76405 1.29171 -2.55853 3.44068 1.36044 -4.12067 4.52131 1.39223 -6.0618 6.0618"
					"row4" "0 5.86389 5.86389 0 4.00124 4.33498 0 2.47911 3.21539 0 1.19173 2.52221 0 0 2.21379 0 -1.19173 2.52221 0 -2.47911 3.21539 0 -4.00124 4.33498 0 -5.86388 5.86388"
					"row5" "-1.39223 6.0618 6.0618 -1.36044 4.12067 4.52131 -1.29171 2.55853 3.44068 -1.2238 1.2238 2.76405 -1.19173 0 2.52221 -1.2238 -1.2238 2.76405 -1.29171 -2.55853 3.44068 -1.36044 -4.12067 4.52131 -1.39223 -6.0618 6.0618"
					"row6" "-2.95397 6.45615 6.45615 -2.88592 4.40091 5.03613 -2.7095 2.7095 4.00673 -2.55853 1.29171 3.44068 -2.47911 0 3.21539 -2.55853 -1.29171 3.44068 -2.7095 -2.7095 4.00673 -2.88592 -4.40091 5.03613 -2.95397 -6.45615 6.45615"
					"row7" "-4.92636 7.04493 7.04493 -4.74358 4.74358 5.84966 -4.40091 2.88592 5.03613 -4.12067 1.36044 4.52131 -4.00124 0 4.33498 -4.12067 -1.36044 4.52131 -4.40091 -2.88592 5.03613 -4.74358 -4.74358 5.84966 -4.92636 -7.04493 7.04493"
					"row8" "-7.61156 7.61156 7.61156 -7.04493 4.92636 7.04493 -6.45615 2.95397 6.45615 -6.0618 1.39223 6.0618 -5.86389 0 5.86389 -6.0618 -1.39223 6.0618 -6.45615 -2.95397 6.45615 -7.04493 -4.92636 7.04493 -7.61156 -7.61156 7.61156"
				}
				offset_normals
				{
					"row0" "-0.57735 -0.57735 -0.57735 -0.626614 -0.459 -0.62982 -0.667906 -0.312695 -0.675369 -0.703333 -0.167023 -0.69096 -0.707107 0 -0.707107 -0.690434 0.16748 -0.703741 -0.678573 0.311104 -0.665396 -0.63154 0.458283 -0.625407 -0.57735 0.57735 -0.57735"
					"row1" "-0.459 -0.62982 -0.626614 -0.454408 -0.459545 -0.763106 -0.482729 -0.312205 -0.81823 -0.493599 -0.147622 -0.857069 -0.508872 9.33659e-005 -0.860842 -0.455529 0.148631 -0.877726 -0.483139 0.31114 -0.818394 -0.458667 0.458667 -0.761084 -0.458283 0.628791 -0.62817"
					"row2" "-0.312695 -0.675369 -0.667906 -0.314094 -0.481435 -0.818269 -0.276289 -0.303918 -0.911755 -0.31997 -0.165998 -0.932772 -0.342608 -0.00064183 -0.939478 -0.328468 0.164177 -0.930137 -0.301511 0.301511 -0.904534 -0.310976 0.481382 -0.819491 -0.311096 0.672667 -0.67137"
					"row3" "-0.167023 -0.69096 -0.703333 -0.190353 -0.452223 -0.871355 -0.155624 -0.327826 -0.931832 -0.1486 -0.202065 -0.968033 -0.176023 -0.000638962 -0.984386 -0.200197 0.200197 -0.959084 -0.164177 0.328468 -0.930137 -0.148631 0.455529 -0.877726 -0.167381 0.696903 -0.697359"
					"row4" "0 -0.707107 -0.707107 0.000316527 -0.509036 -0.860745 -0.0012547 -0.340459 -0.940259 -0.000662913 -0.174751 -0.984612 0 0 -1 0.000638962 0.176023 -0.984386 0.00064183 0.342608 -0.939478 -9.33659e-005 0.508872 -0.860842 0 0.707107 -0.707107"
					"row5" "0.16748 -0.703741 -0.690434 0.192846 -0.491871 -0.849042 0.154745 -0.317183 -0.935654 0.147238 -0.147238 -0.978081 0.174751 0.000662913 -0.984612 0.202065 0.1486 -0.968033 0.165998 0.31997 -0.932772 0.147622 0.493599 -0.857069 0.167141 0.696919 -0.697401"
					"row6" "0.311104 -0.665396 -0.678573 0.313127 -0.479554 -0.819743 0.271563 -0.271563 -0.923313 0.317183 -0.154745 -0.935654 0.340459 0.0012547 -0.940259 0.327826 0.155624 -0.931832 0.303918 0.276289 -0.911755 0.31237 0.484489 -0.817126 0.312726 0.673846 -0.669428"
					"row7" "0.458283 -0.625407 -0.63154 0.453689 -0.453689 -0.767028 0.480756 -0.313655 -0.818837 0.491871 -0.192846 -0.849042 0.509036 -0.000316527 -0.860745 0.452223 0.190353 -0.871355 0.480237 0.313569 -0.819174 0.459545 0.454408 -0.763106 0.459004 0.629369 -0.627064"
					"row8" "0.57735 -0.57735 -0.57735 0.627064 -0.459004 -0.629369 0.669428 -0.312726 -0.673846 0.697401 -0.167141 -0.696919 0.707107 0 -0.707107 0.697359 0.167381 -0.696903 0.67137 0.311096 -0.672667 0.62817 0.458283 -0.628791 0.57735 0.57735 -0.57735"
				}
				alphas
				{
					"row0" "0 0 0 0 0 0 0 0 0"
					"row1" "0 0 0 0 0 0 0 0 0"
					"row2" "0 0 0 0 0 0 0 0 0"
					"row3" "0 0 0 0 0 0 0 0 0"
					"row4" "0 0 0 0 0 0 0 0 0"
					"row5" "0 0 0 0 0 0 0 0 0"
					"row6" "0 0 0 0 0 0 0 0 0"
					"row7" "0 0 0 0 0 0 0 0 0"
					"row8" "0 0 0 0 0 0 0 0 0"
				}
				triangle_tags
				{
					"row0" "0 0 0 0 0 0 0 0 0 0 0 0 0 0 0 0"
					"row1" "0 0 0 0 0 0 0 0 0 0 0 0 0 0 0 0"
					"row2" "0 0 0 0 0 0 0 0 0 0 0 0 0 0 0 0"
					"row3" "0 0 0 0 0 0 0 0 0 0 0 0 0 0 0 0"
					"row4" "0 0 0 0 0 0 0 0 0 0 0 0 0 0 0 0"
					"row5" "0 0 0 0 0 0 0 0 0 0 0 0 0 0 0 0"
					"row6" "0 0 0 0 0 0 0 0 0 0 0 0 0 0 0 0"
					"row7" "0 0 0 0 0 0 0 0 0 0 0 0 0 0 0 0"
				}
				allowed_verts
				{
					"10" "-1 -1 -1 -1 -1 -1 -1 -1 -1 -1"
				}
			}
		}
		side
		{
			"id" "3"
			"plane" "(-16 16 16) (-16 -16 16) (-16 -16 -16)"
			"material" "DEV/DEV_SLIME"
			"uaxis" "[0 1 0 0] 0.25"
			"vaxis" "[0 0 -1 0] 0.25"
			"rotation" "0"
			"lightmapscale" "16"
			"smoothing_groups" "0"
			dispinfo
			{
				"power" "3"
				"startposition" "[-16 -16 -16]"
				"flags" "0"
				"elevation" "0"
				"subdiv" "1"
				normals
				{
					"row0" "0 0 -1 0 0 -1 0 0 -1 0 0 -1 0 0 -1 0 0 -1 0 0 -1 0 0 -1 0 0 -1"
					"row1" "0 0 -1 0 0 -1 0 0 -1 0 0 -1 0 0 -1 0 0 -1 0 0 -1 0 0 -1 0 0 -1"
					"row2" "0 0 -1 0 0 -1 0 0 -1 0 0 -1 0 0 -1 0 0 -1 0 0 -1 0 0 -1 0 0 -1"
					"row3" "0 0 -0.999998 0 0 -1 0 0 -1 0 0 -1 0 0 -1 0 0 -1 0 0 -1 0 0 -1 0 0 -1"
					"row4" "0 0 1 0 0 -1 0 0 -1 0 0 -1 0 0 -1 0 0 -1 0 0 -1 0 0 -1 0 0 -1"
					"row5" "0 0 1 0 0 -1 0 0 -1 0 0 -1 0 0 -1 0 0 -1 0 0 -1 0 0 -1 0 0 -1"
					"row6" "0 0 1 0 0 0 0 0 -1 0 0 -1 0 0 -1 0 0 -1 0 0 -1 0 0 -1 0 0 -1"
					"row7" "0 0 1 0 0 0 0 0 -1 0 0 -1 0 0 -1 0 0 -1 0 0 -1 0 0 -1 0 0 -1"
					"row8" "0 0 0.999998 0 0 0 0 0 -1 0 0 -1 0 0 -1 0 0 -1 0 0 -1 0 0 -1 0 0 -1"
				}
				distances
				{
					"row0" "1.74015 2.59131 3.97921 5.46437 6.79038 7.85907 8.49705 8.70451 9.25513"
					"row1" "1.35077 2.77609 4.33265 5.91603 7.34404 8.46274 9.13093 10.0122 10.3827"
					"row2" "0.775232 2.5493 4.24768 5.94561 7.4552 8.64002 9.94858 11.1204 11.5712"
					"row3" "0.0749617 1.98983 3.77705 5.52077 7.07891 8.61534 10.4166 11.6921 12.3909"
					"row4" "0.744289 1.12614 2.91073 4.6543 6.19127 8.35338 10.2129 11.5409 12.7876"
					"row5" "0.959959 0.39531 1.74255 3.38913 5.39904 7.50928 9.33358 10.6315 12.2695"
					"row6" "0.699703 0 1.01164 2.56541 4.35483 6.13415 7.85765 9.29343 10.9631"
					"row7" "0.358497 0 0.504867 2.20929 3.85547 5.30369 6.38752 7.79783 9.24323"
					"row8" "0.0748043 0 0.373217 1.59563 3.00427 4.36995 5.86667 7.41809 8.38045"
				}
				offsets
				{
					"row0" "7.61156 7.61156 7.61156 7.04493 7.04493 4.92636 6.45615 6.45615 2.95397 6.0618 6.0618 1.39223 5.86389 5.86388 0 6.0618 6.0618 -1.39223 6.45615 6.45615 -2.95397 7.04493 7.04493 -4.92636 7.61156 7.61156 -7.61156"
					"row1" "7.04493 4.92636 7.04493 5.84966 4.74358 4.74358 5.03613 4.40091 2.88592 4.52131 4.12067 1.36044 4.33498 4.00124 0 4.52131 4.12067 -1.36044 5.03613 4.40091 -2.88592 5.84966 4.74358 -4.74358 7.04493 4.92636 -7.04493"
					"row2" "6.45615 2.95397 6.45615 5.03613 2.88592 4.40091 4.00673 2.7095 2.7095 3.44068 2.55853 1.29171 3.21539 2.47911 0 3.44068 2.55853 -1.29171 4.00673 2.7095 -2.7095 5.03613 2.88592 -4.40091 6.45615 2.95397 -6.45615"
					"row3" "6.0618 1.39223 6.0618 4.52131 1.36044 4.12067 3.44068 1.29171 2.55853 2.76405 1.2238 1.2238 2.52221 1.19173 0 2.76405 1.2238 -1.2238 3.44068 1.29171 -2.55853 4.52131 1.36044 -4.12067 6.0618 1.39223 -6.0618"
					"row4" "5.86388 0 5.86389 4.33498 0 4.00124 3.21539 0 2.47911 2.52221 0 1.19173 2.21379 0 0 2.52221 0 -1.19173 3.21539 0 -2.47911 4.33498 0 -4.00124 5.86388 0 -5.86388"
					"row5" "6.0618 -1.39223 6.0618 4.52131 -1.36044 4.12067 3.44068 -1.29171 2.55853 2.76405 -1.2238 1.2238 2.52221 -1.19173 0 2.76405 -1.2238 -1.2238 3.44068 -1.29171 -2.55853 4.52131 -1.36044 -4.12067 6.0618 -1.39223 -6.0618"
					"row6" "6.45615 -2.95397 6.45615 5.03613 -2.88592 4.40091 4.00673 -2.7095 2.7095 3.44068 -2.55853 1.29171 3.21539 -2.47911 0 3.44068 -2.55853 -1.29171 4.00673 -2.7095 -2.7095 5.03613 -2.88592 -4.40091 6.45615 -2.95397 -6.45615"
					"row7" "7.04493 -4.92636 7.04493 5.84966 -4.74358 4.74358 5.03613 -4.40091 2.88592 4.52131 -4.12067 1.36044 4.33498 -4.00124 0 4.52131 -4.12067 -1.36044 5.03613 -4.40091 -2.88592 5.84966 -4.74358 -4.74358 7.04493 -4.92636 -7.04493"
					"row8" "7.61156 -7.61156 7.61156 7.04493 -7.04493 4.92636 6.45615 -6.45615 2.95397 6.0618 -6.0618 1.39223 5.86389 -5.86389 0 6.0618 -6.0618 -1.39223 6.45615 -6.45615 -2.95397 7.04493 -7.04493 -4.92636 7.61156 -7.61156 -7.61156"
				}
				offset_normals
				{
					"row0" "-0.57735 -0.57735 -0.57735 -0.62982 -0.626614 -0.459 -0.675369 -0.667906 -0.312695 -0.69096 -0.703333 -0.167023 -0.707107 -0.707107 0 -0.703741 -0.690434 0.16748 -0.665396 -0.678573 0.311104 -0.625407 -0.63154 0.458283 -0.57735 -0.57735 0.57735"
					"row1" "-0.626614 -0.459 -0.62982 -0.763106 -0.454408 -0.459545 -0.81823 -0.482729 -0.312205 -0.857069 -0.493599 -0.147622 -0.860842 -0.508872 9.33659e-005 -0.877726 -0.455529 0.148631 -0.818394 -0.483139 0.31114 -0.761084 -0.458667 0.458667 -0.62817 -0.458283 0.628791"
					"row2" "-0.667906 -0.312695 -0.675369 -0.818269 -0.314094 -0.481435 -0.911755 -0.276289 -0.303918 -0.932772 -0.31997 -0.165998 -0.939478 -0.342608 -0.00064183 -0.930137 -0.328468 0.164177 -0.904534 -0.301511 0.301511 -0.819491 -0.310976 0.481382 -0.67137 -0.311096 0.672667"
					"row3" "-0.703333 -0.167023 -0.69096 -0.871355 -0.190353 -0.452223 -0.931832 -0.155624 -0.327826 -0.968033 -0.1486 -0.202065 -0.984386 -0.176023 -0.000638962 -0.959084 -0.200197 0.200197 -0.930137 -0.164177 0.328468 -0.877726 -0.148631 0.455529 -0.697359 -0.167381 0.696903"
					"row4" "-0.707107 0 -0.707107 -0.860745 0.000316527 -0.509036 -0.940259 -0.0012547 -0.340459 -0.984612 -0.000662913 -0.174751 -1 0 0 -0.984386 0.000638962 0.176023 -0.939478 0.00064183 0.342608 -0.860842 -9.33659e-005 0.508872 -0.707107 0 0.707107"
					"row5" "-0.690434 0.16748 -0.703741 -0.849042 0.192846 -0.491871 -0.935654 0.154745 -0.317183 -0.978081 0.147238 -0.147238 -0.984612 0.174751 0.000662913 -0.968033 0.202065 0.1486 -0.932772 0.165998 0.31997 -0.857069 0.147622 0.493599 -0.697401 0.167141 0.696919"
					"row6" "-0.678573 0.311104 -0.665396 -0.819743 0.313127 -0.479554 -0.923313 0.271563 -0.271563 -0.935654 0.317183 -0.154745 -0.940259 0.340459 0.0012547 -0.931832 0.327826 0.155624 -0.911755 0.303918 0.276289 -0.817126 0.31237 0.484489 -0.669428 0.312726 0.673846"
					"row7" "-0.63154 0.458283 -0.625407 -0.767028 0.453689 -0.453689 -0.818837 0.480756 -0.313655 -0.849042 0.491871 -0.192846 -0.860745 0.509036 -0.000316527 -0.871355 0.452223 0.190353 -0.819174 0.480237 0.313569 -0.763106 0.459545 0.454408 -0.627064 0.459004 0.629369"
					"row8" "-0.57735 0.57735 -0.57735 -0.629369 0.627064 -0.459004 -0.673846 0.669428 -0.312726 -0.696919 0.697401 -0.167141 -0.707107 0.707107 0 -0.696903 0.697359 0.167381 -0.672667 0.67137 0.311096 -0.628791 0.62817 0.458283 -0.57735 0.57735 0.57735"
				}
				alphas
				{
					"row0" "0 0 0 0 0 0 0 0 0"
					"row1" "0 0 0 0 0 0 0 0 0"
					"row2" "0 0 0 0 0 0 0 0 0"
					"row3" "0 0 0 0 0 0 0 0 0"
					"row4" "0 0 0 0 0 0 0 0 0"
					"row5" "0 0 0 0 0 0 0 0 0"
					"row6" "0 0 0 0 0 0 0 0 0"
					"row7" "0 0 0 0 0 0 0 0 0"
					"row8" "0 0 0 0 0 0 0 0 0"
				}
				triangle_tags
				{
					"row0" "0 0 0 0 0 0 0 0 0 0 0 0 0 0 0 0"
					"row1" "0 0 0 0 0 0 0 0 0 0 0 0 0 0 0 0"
					"row2" "0 0 0 0 0 0 0 0 0 0 0 0 0 0 0 1"
					"row3" "0 0 0 0 0 0 0 0 0 0 0 0 0 0 9 1"
					"row4" "0 0 0 0 0 0 0 0 0 0 0 0 0 0 9 9"
					"row5" "0 0 0 0 0 0 0 0 0 0 0 0 0 1 9 9"
					"row6" "0 0 0 0 0 0 0 0 0 0 0 0 1 1 9 9"
					"row7" "0 0 0 0 0 0 0 0 0 0 0 0 1 9 9 9"
				}
				allowed_verts
				{
					"10" "-1 -1 -1 -1 -1 -1 -1 -1 -1 -1"
				}
			}
		}
		side
		{
			"id" "4"
			"plane" "(16 16 -16) (16 -16 -16) (16 -16 16)"
			"material" "DEV/DEV_SLIME"
			"uaxis" "[0 1 0 0] 0.25"
			"vaxis" "[0 0 -1 0] 0.25"
			"rotation" "0"
			"lightmapscale" "16"
			"smoothing_groups" "0"
			dispinfo
			{
				"power" "3"
				"startposition" "[16 -16 -16]"
				"flags" "0"
				"elevation" "0"
				"subdiv" "1"
				normals
				{
					"row0" "0 0 1 0 0 1 0 0 1 0 0 1 0 0 1 0 0 1 0 0 1 0 0 1 0 0 1"
					"row1" "0 0 1 0 0 1 0 0 1 0 0 1 0 0 1 0 0 1 0 0 1 0 0 1 0 0 1"
					"row2" "0 0 1 0 0 1 0 0 1 0 0 1 0 0 1 0 0 1 0 0 1 0 0 1 0 0 1"
					"row3" "0 0 1 0 0 1 0 0 1 0 0 1 0 0 1 0 0 1 0 0 1 0 0 1 0 0 1"
					"row4" "0 0 1 0 0 1 0 0 1 0 0 1 0 0 1 0 0 1 0 0 1 0 0 1 0 0 1"
					"row5" "0 0 1 0 0 1 0 0 1 0 0 1 0 0 1 0 0 1 0 0 1 0 0 1 0 0 -1"
					"row6" "0 0 1 0 0 1 0 0 1 0 0 1 0 0 1 0 0 1 0 0 1 0 0 1 0 0 -1"
					"row7" "0 0 1 0 0 1 0 0 1 0 0 1 0 0 1 0 0 1 0 0 1 0 0 0.999999 0 0 -1"
					"row8" "0 0 1 0 0 1 0 0 1 0 0 1 0 0 1 0 0 1 0 0 1 0 0 -1 0 0 -1"
				}
				distances
				{
					"row0" "6.3711 7.12881 7.94648 8.44078 8.40644 7.83629 6.77681 5.48913 4.42664"
					"row1" "5.77798 6.818 7.67809 8.1002 7.90399 7.06404 5.79882 4.58577 3.4567"
					"row2" "5.07276 6.11405 6.81617 7.22237 7.04899 6.29164 4.97491 3.31115 2.02783"
					"row3" "5.21526 6.23489 6.89176 7.09146 6.78898 5.98385 4.69843 3.00379 1.16598"
					"row4" "4.72679 5.6783 6.27003 6.4419 6.14821 5.42985 4.25178 2.68909 0.616394"
					"row5" "3.77818 4.57913 5.05955 5.16812 4.89781 4.26532 3.01211 1.36384 0.416054"
					"row6" "3.75612 4.4095 4.8442 5 4.49044 3.36938 2.1025 0.66983 0.866732"
					"row7" "3.78496 4.33816 4.71136 4.35766 3.5306 2.49908 1.33624 0.118373 1.17164"
					"row8" "3.70345 4.0135 3.89278 3.29257 2.51901 1.52865 0.462511 0.576291 1.35229"
				}
				offsets
				{
					"row0" "-7.61156 7.61156 7.61156 -7.04493 4.92636 7.04493 -6.45615 2.95397 6.45615 -6.0618 1.39223 6.0618 -5.86389 0 5.86389 -6.0618 -1.39223 6.0618 -6.45615 -2.95397 6.45615 -7.04493 -4.92636 7.04493 -7.61156 -7.61156 7.61156"
					"row1" "-7.04493 7.04493 4.92636 -5.84966 4.74358 4.74358 -5.03613 2.88592 4.40091 -4.52131 1.36044 4.12067 -4.33498 0 4.00124 -4.52131 -1.36044 4.12067 -5.03613 -2.88592 4.40091 -5.84966 -4.74358 4.74358 -7.04493 -7.04493 4.92636"
					"row2" "-6.45615 6.45615 2.95397 -5.03613 4.40091 2.88592 -4.00673 2.7095 2.7095 -3.44068 1.29171 2.55853 -3.21539 0 2.47911 -3.44068 -1.29171 2.55853 -4.00673 -2.7095 2.7095 -5.03613 -4.40091 2.88592 -6.45615 -6.45615 2.95397"
					"row3" "-6.0618 6.0618 1.39223 -4.52131 4.12067 1.36044 -3.44068 2.55853 1.29171 -2.76405 1.2238 1.2238 -2.52221 0 1.19173 -2.76405 -1.2238 1.2238 -3.44068 -2.55853 1.29171 -4.52131 -4.12067 1.36044 -6.0618 -6.0618 1.39223"
					"row4" "-5.86388 5.86388 0 -4.33498 4.00124 0 -3.21539 2.47911 0 -2.52221 1.19173 0 -2.21379 0 0 -2.52221 -1.19173 0 -3.21539 -2.47911 0 -4.33498 -4.00124 0 -5.86389 -5.86389 0"
					"row5" "-6.0618 6.0618 -1.39223 -4.52131 4.12067 -1.36044 -3.44068 2.55853 -1.29171 -2.76405 1.2238 -1.2238 -2.52221 0 -1.19173 -2.76405 -1.2238 -1.2238 -3.44068 -2.55853 -1.29171 -4.52131 -4.12067 -1.36044 -6.0618 -6.0618 -1.39223"
					"row6" "-6.45615 6.45615 -2.95397 -5.03613 4.40091 -2.88592 -4.00673 2.7095 -2.7095 -3.44068 1.29171 -2.55853 -3.21539 0 -2.47911 -3.44068 -1.29171 -2.55853 -4.00673 -2.7095 -2.7095 -5.03613 -4.40091 -2.88592 -6.45615 -6.45615 -2.95397"
					"row7" "-7.04493 7.04493 -4.92636 -5.84966 4.74358 -4.74358 -5.03613 2.88592 -4.40091 -4.52131 1.36044 -4.12067 -4.33498 0 -4.00124 -4.52131 -1.36044 -4.12067 -5.03613 -2.88592 -4.40091 -5.84966 -4.74358 -4.74358 -7.04493 -7.04493 -4.92636"
					"row8" "-7.61156 7.61156 -7.61156 -7.04493 4.92636 -7.04493 -6.45615 2.95397 -6.45615 -6.0618 1.39223 -6.0618 -5.86389 0 -5.86389 -6.0618 -1.39223 -6.0618 -6.45615 -2.95397 -6.45615 -7.04493 -4.92636 -7.04493 -7.61156 -7.61156 -7.61156"
				}
				offset_normals
				{
					"row0" "0.57735 -0.57735 -0.57735 0.627064 -0.459004 -0.629369 0.669428 -0.312726 -0.673846 0.697401 -0.167141 -0.696919 0.707107 0 -0.707107 0.697359 0.167381 -0.696903 0.67137 0.311096 -0.672667 0.62817 0.458283 -0.628791 0.57735 0.57735 -0.57735"
					"row1" "0.628791 -0.62817 -0.458283 0.763106 -0.459545 -0.454408 0.817126 -0.31237 -0.484489 0.857069 -0.147622 -0.493599 0.860842 9.33659e-005 -0.508872 0.877726 0.148631 -0.455529 0.819491 0.310976 -0.481382 0.761084 0.458667 -0.458667 0.625407 0.63154 -0.458283"
					"row2" "0.672667 -0.67137 -0.311096 0.819174 -0.480237 -0.313569 0.911755 -0.303918 -0.276289 0.932772 -0.165998 -0.31997 0.939478 -0.00064183 -0.342608 0.930137 0.164177 -0.328468 0.904534 0.301511 -0.301511 0.818394 0.483139 -0.31114 0.665396 0.678573 -0.311104"
					"row3" "0.696903 -0.697359 -0.167381 0.871355 -0.452223 -0.190353 0.931832 -0.327826 -0.155624 0.968033 -0.202065 -0.1486 0.984386 -0.000638962 -0.176023 0.959084 0.200197 -0.200197 0.930137 0.328468 -0.164177 0.877726 0.455529 -0.148631 0.703741 0.690434 -0.16748"
					"row4" "0.707107 -0.707107 0 0.860745 -0.509036 0.000316527 0.940259 -0.340459 -0.0012547 0.984612 -0.174751 -0.000662913 1 0 0 0.984386 0.176023 0.000638962 0.939478 0.342608 0.00064183 0.860842 0.508872 -9.33659e-005 0.707107 0.707107 0"
					"row5" "0.696919 -0.697401 0.167141 0.849042 -0.491871 0.192846 0.935654 -0.317183 0.154745 0.978081 -0.147238 0.147238 0.984612 0.000662913 0.174751 0.968033 0.1486 0.202065 0.932772 0.31997 0.165998 0.857069 0.493599 0.147622 0.69096 0.703333 0.167023"
					"row6" "0.673846 -0.669428 0.312726 0.818837 -0.480756 0.313655 0.923313 -0.271563 0.271563 0.935654 -0.154745 0.317183 0.940259 0.0012547 0.340459 0.931832 0.155624 0.327826 0.911755 0.276289 0.303918 0.81823 0.482729 0.312205 0.675369 0.667906 0.312695"
					"row7" "0.629369 -0.627064 0.459004 0.767028 -0.453689 0.453689 0.819743 -0.313127 0.479554 0.849042 -0.192846 0.491871 0.860745 -0.000316527 0.509036 0.871355 0.190353 0.452223 0.818269 0.314094 0.481435 0.763106 0.454408 0.459545 0.62982 0.626614 0.459"
					"row8" "0.57735 -0.57735 0.57735 0.63154 -0.458283 0.625407 0.678573 -0.311104 0.665396 0.690434 -0.16748 0.703741 0.707107 0 0.707107 0.703333 0.167023 0.69096 0.667906 0.312695 0.675369 0.626614 0.459 0.62982 0.57735 0.57735 0.57735"
				}
				alphas
				{
					"row0" "0 0 0 0 0 0 0 0 0"
					"row1" "0 0 0 0 0 0 0 0 0"
					"row2" "0 0 0 0 0 0 0 0 0"
					"row3" "0 0 0 0 0 0 0 0 0"
					"row4" "0 0 0 0 0 0 0 0 0"
					"row5" "0 0 0 0 0 0 0 0 0"
					"row6" "0 0 0 0 0 0 0 0 0"
					"row7" "0 0 0 0 0 0 0 0 0"
					"row8" "0 0 0 0 0 0 0 0 0"
				}
				triangle_tags
				{
					"row0" "0 0 0 0 0 0 0 0 0 0 0 0 0 0 0 0"
					"row1" "0 0 0 0 0 0 0 0 0 0 0 0 0 0 0 0"
					"row2" "0 0 0 0 0 0 0 0 0 0 0 0 0 0 0 0"
					"row3" "0 0 0 0 0 0 0 0 0 0 0 0 0 0 0 0"
					"row4" "0 0 0 0 0 0 0 0 0 0 0 0 0 0 0 0"
					"row5" "0 0 0 0 0 0 0 0 0 0 0 0 0 0 0 0"
					"row6" "0 0 0 0 0 0 0 0 0 0 0 0 0 0 0 0"
					"row7" "0 0 0 1 1 9 9 1 1 1 1 0 0 0 0 0"
				}
				allowed_verts
				{
					"10" "-1 -1 -1 -1 -1 -1 -1 -1 -1 -1"
				}
			}
		}
		side
		{
			"id" "5"
			"plane" "(16 16 16) (-16 16 16) (-16 16 -16)"
			"material" "DEV/DEV_SLIME"
			"uaxis" "[1 0 0 0] 0.25"
			"vaxis" "[0 0 -1 0] 0.25"
			"rotation" "0"
			"lightmapscale" "16"
			"smoothing_groups" "0"
			dispinfo
			{
				"power" "3"
				"startposition" "[-16 16 -16]"
				"flags" "0"
				"elevation" "0"
				"subdiv" "1"
				normals
				{
					"row0" "0 0 0.999998 0 0 0 0 0 -1 0 0 -1 0 0 -1 0 0 -1 0 0 -1 0 0 -1 0 0 -1"
					"row1" "0 0 1 0 0 0 0 0 -0.999999 0 0 -1 0 0 -1 0 0 -1 0 0 -1 0 0 -1 0 0 -1"
					"row2" "0 0 1 0 0 0.999999 0 0 0 0 0 -1 0 0 -1 0 0 -1 0 0 -1 0 0 -1 0 0 -1"
					"row3" "0 0 1 0 0 1 0 0 0 0 0 -1 0 0 -1 0 0 -1 0 0 -1 0 0 -1 0 0 -1"
					"row4" "0 0 1 0 0 1 0 0 0 0 0 -1 0 0 -1 0 0 -1 0 0 -1 0 0 -1 0 0 -1"
					"row5" "0 0 1 0 0 1 0 0 0.999998 0 0 -0.999999 0 0 -1 0 0 -1 0 0 -1 0 0 -1 0 0 -1"
					"row6" "0 0 1 0 0 1 0 0 0.999999 0 0 0 0 0 -1 0 0 -1 0 0 -1 0 0 -1 0 0 -1"
					"row7" "0 0 1 0 0 1 0 0 1 0 0 0.999999 0 0 -1 0 0 -1 0 0 -1 0 0 -1 0 0 -1"
					"row8" "0 0 1 0 0 1 0 0 1 0 0 1 0 0 1 0 0 -1 0 0 -1 0 0 -1 0 0 -1"
				}
				distances
				{
					"row0" "0.0748043 0 0.373217 1.59563 3.00427 4.36995 5.86667 7.41809 8.38045"
					"row1" "0.593321 0 0.0916629 1.31666 2.41901 3.86307 5.6483 7.18318 8.46121"
					"row2" "1.26109 0.166015 0 0.849045 2.21304 4.07047 5.6982 7.05508 8.08622"
					"row3" "1.87489 0.715955 0 0.248832 2.1461 3.99445 5.65345 7.01386 8.04185"
					"row4" "2.29347 1.1338 0 0.242715 1.72907 3.56799 5.19124 6.52024 7.4952"
					"row5" "2.81532 1.37486 0.0593576 0.173146 1.42473 2.78875 4.323 5.56711 6.47904"
					"row6" "3.70133 1.82978 0.177075 0 1.15711 2.225 3.07553 4.24953 4.65454"
					"row7" "4.20542 2.62429 0.989218 0.165551 0.746251 1.79468 2.53262 2.58934 2.31205"
					"row8" "4.42664 3.4567 2.02783 1.16598 0.616394 0.416054 0.866732 1.17164 1.35229"
				}
				offsets
				{
					"row0" "7.61156 -7.61156 7.61156 7.04493 -7.04493 4.92636 6.45615 -6.45615 2.95397 6.0618 -6.0618 1.39223 5.86389 -5.86389 0 6.0618 -6.0618 -1.39223 6.45615 -6.45615 -2.95397 7.04493 -7.04493 -4.92636 7.61156 -7.61156 -7.61156"
					"row1" "4.92636 -7.04493 7.04493 4.74358 -5.84966 4.74358 4.40091 -5.03613 2.88592 4.12067 -4.52131 1.36044 4.00124 -4.33498 0 4.12067 -4.52131 -1.36044 4.40091 -5.03613 -2.88592 4.74358 -5.84966 -4.74358 4.92636 -7.04493 -7.04493"
					"row2" "2.95397 -6.45615 6.45615 2.88592 -5.03613 4.40091 2.7095 -4.00673 2.7095 2.55853 -3.44068 1.29171 2.47911 -3.21539 0 2.55853 -3.44068 -1.29171 2.7095 -4.00673 -2.7095 2.88592 -5.03613 -4.40091 2.95397 -6.45615 -6.45615"
					"row3" "1.39223 -6.0618 6.0618 1.36044 -4.52131 4.12067 1.29171 -3.44068 2.55853 1.2238 -2.76405 1.2238 1.19173 -2.52221 0 1.2238 -2.76405 -1.2238 1.29171 -3.44068 -2.55853 1.36044 -4.52131 -4.12067 1.39223 -6.0618 -6.0618"
					"row4" "0 -5.86388 5.86388 0 -4.33498 4.00124 0 -3.21539 2.47911 0 -2.52221 1.19173 0 -2.21379 0 0 -2.52221 -1.19173 0 -3.21539 -2.47911 0 -4.33498 -4.00124 0 -5.86389 -5.86389"
					"row5" "-1.39223 -6.0618 6.0618 -1.36044 -4.52131 4.12067 -1.29171 -3.44068 2.55853 -1.2238 -2.76405 1.2238 -1.19173 -2.52221 0 -1.2238 -2.76405 -1.2238 -1.29171 -3.44068 -2.55853 -1.36044 -4.52131 -4.12067 -1.39223 -6.0618 -6.0618"
					"row6" "-2.95397 -6.45615 6.45615 -2.88592 -5.03613 4.40091 -2.7095 -4.00673 2.7095 -2.55853 -3.44068 1.29171 -2.47911 -3.21539 0 -2.55853 -3.44068 -1.29171 -2.7095 -4.00673 -2.7095 -2.88592 -5.03613 -4.40091 -2.95397 -6.45615 -6.45615"
					"row7" "-4.92636 -7.04493 7.04493 -4.74358 -5.84966 4.74358 -4.40091 -5.03613 2.88592 -4.12067 -4.52131 1.36044 -4.00124 -4.33498 0 -4.12067 -4.52131 -1.36044 -4.40091 -5.03613 -2.88592 -4.74358 -5.84966 -4.74358 -4.92636 -7.04493 -7.04493"
					"row8" "-7.61156 -7.61156 7.61156 -7.04493 -7.04493 4.92636 -6.45615 -6.45615 2.95397 -6.0618 -6.0618 1.39223 -5.86389 -5.86389 0 -6.0618 -6.0618 -1.39223 -6.45615 -6.45615 -2.95397 -7.04493 -7.04493 -4.92636 -7.61156 -7.61156 -7.61156"
				}
				offset_normals
				{
					"row0" "-0.57735 0.57735 -0.57735 -0.629369 0.627064 -0.459004 -0.673846 0.669428 -0.312726 -0.696919 0.697401 -0.167141 -0.707107 0.707107 0 -0.696903 0.697359 0.167381 -0.672667 0.67137 0.311096 -0.628791 0.62817 0.458283 -0.57735 0.57735 0.57735"
					"row1" "-0.458283 0.628791 -0.62817 -0.454408 0.763106 -0.459545 -0.484489 0.817126 -0.31237 -0.493599 0.857069 -0.147622 -0.508872 0.860842 9.33659e-005 -0.455529 0.877726 0.148631 -0.481382 0.819491 0.310976 -0.458667 0.761084 0.458667 -0.458283 0.625407 0.63154"
					"row2" "-0.311096 0.672667 -0.67137 -0.313569 0.819174 -0.480237 -0.276289 0.911755 -0.303918 -0.31997 0.932772 -0.165998 -0.342608 0.939478 -0.00064183 -0.328468 0.930137 0.164177 -0.301511 0.904534 0.301511 -0.31114 0.818394 0.483139 -0.311104 0.665396 0.678573"
					"row3" "-0.167381 0.696903 -0.697359 -0.190353 0.871355 -0.452223 -0.155624 0.931832 -0.327826 -0.1486 0.968033 -0.202065 -0.176023 0.984386 -0.000638962 -0.200197 0.959084 0.200197 -0.164177 0.930137 0.328468 -0.148631 0.877726 0.455529 -0.16748 0.703741 0.690434"
					"row4" "0 0.707107 -0.707107 0.000316527 0.860745 -0.509036 -0.0012547 0.940259 -0.340459 -0.000662913 0.984612 -0.174751 0 1 0 0.000638962 0.984386 0.176023 0.00064183 0.939478 0.342608 -9.33659e-005 0.860842 0.508872 0 0.707107 0.707107"
					"row5" "0.167141 0.696919 -0.697401 0.192846 0.849042 -0.491871 0.154745 0.935654 -0.317183 0.147238 0.978081 -0.147238 0.174751 0.984612 0.000662913 0.202065 0.968033 0.1486 0.165998 0.932772 0.31997 0.147622 0.857069 0.493599 0.167023 0.69096 0.703333"
					"row6" "0.312726 0.673846 -0.669428 0.313655 0.818837 -0.480756 0.271563 0.923313 -0.271563 0.317183 0.935654 -0.154745 0.340459 0.940259 0.0012547 0.327826 0.931832 0.155624 0.303918 0.911755 0.276289 0.312205 0.81823 0.482729 0.312695 0.675369 0.667906"
					"row7" "0.459004 0.629369 -0.627064 0.453689 0.767028 -0.453689 0.479554 0.819743 -0.313127 0.491871 0.849042 -0.192846 0.509036 0.860745 -0.000316527 0.452223 0.871355 0.190353 0.481435 0.818269 0.314094 0.459545 0.763106 0.454408 0.459 0.62982 0.626614"
					"row8" "0.57735 0.57735 -0.57735 0.625407 0.63154 -0.458283 0.665396 0.678573 -0.311104 0.703741 0.690434 -0.16748 0.707107 0.707107 0 0.69096 0.703333 0.167023 0.675369 0.667906 0.312695 0.62982 0.626614 0.459 0.57735 0.57735 0.57735"
				}
				alphas
				{
					"row0" "0 0 0 0 0 0 0 0 0"
					"row1" "0 0 0 0 0 0 0 0 0"
					"row2" "0 0 0 0 0 0 0 0 0"
					"row3" "0 0 0 0 0 0 0 0 0"
					"row4" "0 0 0 0 0 0 0 0 0"
					"row5" "0 0 0 0 0 0 0 0 0"
					"row6" "0 0 0 0 0 0 0 0 0"
					"row7" "0 0 0 0 0 0 0 0 0"
					"row8" "0 0 0 0 0 0 0 0 0"
				}
				triangle_tags
				{
					"row0" "0 0 0 0 0 0 0 0 0 0 0 0 9 9 9 9"
					"row1" "0 0 0 0 0 0 0 0 0 0 0 0 9 1 1 9"
					"row2" "0 0 0 0 0 0 0 0 0 0 0 0 0 1 9 9"
					"row3" "0 0 0 0 0 0 0 0 0 0 0 0 1 0 1 9"
					"row4" "0 0 0 0 0 0 0 0 0 0 0 0 0 0 1 1"
					"row5" "0 0 0 0 0 0 0 0 0 0 0 0 0 0 0 1"
					"row6" "0 0 0 0 0 0 0 0 0 0 0 0 0 0 0 0"
					"row7" "0 0 0 0 0 0 0 0 0 0 0 0 0 0 0 0"
				}
				allowed_verts
				{
					"10" "-1 -1 -1 -1 -1 -1 -1 -1 -1 -1"
				}
			}
		}
		side
		{
			"id" "6"
			"plane" "(16 -16 -16) (-16 -16 -16) (-16 -16 16)"
			"material" "DEV/DEV_SLIME"
			"uaxis" "[1 0 0 0] 0.25"
			"vaxis" "[0 0 -1 0] 0.25"
			"rotation" "0"
			"lightmapscale" "16"
			"smoothing_groups" "0"
			dispinfo
			{
				"power" "3"
				"startposition" "[-16 -16 -16]"
				"flags" "0"
				"elevation" "0"
				"subdiv" "1"
				normals
				{
					"row0" "0 0 -1 0 0 -1 0 0 -0.999999 0 0 1 0 0 1 0 0 1 0 0 1 0 0 1 0 0 1"
					"row1" "0 0 -1 0 0 -1 0 0 -1 0 0 -1 0 0 1 0 0 1 0 0 1 0 0 1 0 0 1"
					"row2" "0 0 -1 0 0 -1 0 0 -1 0 0 -1 0 0 -1 0 0 1 0 0 1 0 0 1 0 0 1"
					"row3" "0 0 -1 0 0 -1 0 0 -1 0 0 -1 0 0 -1 0 0 1 0 0 1 0 0 1 0 0 1"
					"row4" "0 0 -1 0 0 -1 0 0 -1 0 0 -1 0 0 -1 0 0 -1 0 0 1 0 0 1 0 0 1"
					"row5" "0 0 -1 0 0 -1 0 0 -1 0 0 -1 0 0 -1 0 0 -1 0 0 1 0 0 1 0 0 1"
					"row6" "0 0 -1 0 0 -1 0 0 -1 0 0 -1 0 0 -1 0 0 -1 0 0 1 0 0 1 0 0 1"
					"row7" "0 0 -1 0 0 -1 0 0 -1 0 0 -1 0 0 -1 0 0 0.999988 0 0 1 0 0 1 0 0 1"
					"row8" "0 0 -1 0 0 -1 0 0 -1 0 0 -1 0 0 -1 0 0 1 0 0 1 0 0 1 0 0 1"
				}
				distances
				{
					"row0" "1.74015 1.0844 0.14054 1.08505 2.97163 4.8373 5.91361 6.28122 6.3711"
					"row1" "2.59131 2.11968 1.47828 0.405241 1.35144 3.28655 4.37122 4.97715 5.77798"
					"row2" "3.97921 3.22538 2.41817 1.65857 0.363007 1.55977 2.69698 3.79385 5.07276"
					"row3" "5.46437 4.62418 3.35325 2.41207 1.4018 0.570087 2.23052 3.90648 5.21526"
					"row4" "6.79038 5.89401 4.53647 2.96538 1.93303 0.470096 2.00562 3.54906 4.72679"
					"row5" "7.85907 6.89057 5.47888 3.53563 2.29355 0.838943 1.55162 2.70988 3.77818"
					"row6" "8.49705 7.51593 6.07249 4.12004 2.40878 0.476127 1.90957 2.93632 3.75612"
					"row7" "8.70451 7.78831 6.40778 4.40717 2.31407 0.00981188 2.15019 3.07113 3.78496"
					"row8" "9.25513 8.38593 6.61134 4.51497 2.05212 0.609873 2.33324 3.18977 3.70345"
				}
				offsets
				{
					"row0" "7.61156 7.61156 7.61156 4.92636 7.04493 7.04493 2.95397 6.45615 6.45615 1.39223 6.0618 6.0618 0 5.86389 5.86389 -1.39223 6.0618 6.0618 -2.95397 6.45615 6.45615 -4.92636 7.04493 7.04493 -7.61156 7.61156 7.61156"
					"row1" "7.04493 7.04493 4.92636 4.74358 5.84966 4.74358 2.88592 5.03613 4.40091 1.36044 4.52131 4.12067 0 4.33498 4.00124 -1.36044 4.52131 4.12067 -2.88592 5.03613 4.40091 -4.74358 5.84966 4.74358 -7.04493 7.04493 4.92636"
					"row2" "6.45615 6.45615 2.95397 4.40091 5.03613 2.88592 2.7095 4.00673 2.7095 1.29171 3.44068 2.55853 0 3.21539 2.47911 -1.29171 3.44068 2.55853 -2.7095 4.00673 2.7095 -4.40091 5.03613 2.88592 -6.45615 6.45615 2.95397"
					"row3" "6.0618 6.0618 1.39223 4.12067 4.52131 1.36044 2.55853 3.44068 1.29171 1.2238 2.76405 1.2238 0 2.52221 1.19173 -1.2238 2.76405 1.2238 -2.55853 3.44068 1.29171 -4.12067 4.52131 1.36044 -6.0618 6.0618 1.39223"
					"row4" "5.86389 5.86388 0 4.00124 4.33498 0 2.47911 3.21539 0 1.19173 2.52221 0 0 2.21379 0 -1.19173 2.52221 0 -2.47911 3.21539 0 -4.00124 4.33498 0 -5.86388 5.86388 0"
					"row5" "6.0618 6.0618 -1.39223 4.12067 4.52131 -1.36044 2.55853 3.44068 -1.29171 1.2238 2.76405 -1.2238 0 2.52221 -1.19173 -1.2238 2.76405 -1.2238 -2.55853 3.44068 -1.29171 -4.12067 4.52131 -1.36044 -6.0618 6.0618 -1.39223"
					"row6" "6.45615 6.45615 -2.95397 4.40091 5.03613 -2.88592 2.7095 4.00673 -2.7095 1.29171 3.44068 -2.55853 0 3.21539 -2.47911 -1.29171 3.44068 -2.55853 -2.7095 4.00673 -2.7095 -4.40091 5.03613 -2.88592 -6.45615 6.45615 -2.95397"
					"row7" "7.04493 7.04493 -4.92636 4.74358 5.84966 -4.74358 2.88592 5.03613 -4.40091 1.36044 4.52131 -4.12067 0 4.33498 -4.00124 -1.36044 4.52131 -4.12067 -2.88592 5.03613 -4.40091 -4.74358 5.84966 -4.74358 -7.04493 7.04493 -4.92636"
					"row8" "7.61156 7.61156 -7.61156 4.92636 7.04493 -7.04493 2.95397 6.45615 -6.45615 1.39223 6.0618 -6.0618 0 5.86389 -5.86389 -1.39223 6.0618 -6.0618 -2.95397 6.45615 -6.45615 -4.92636 7.04493 -7.04493 -7.61156 7.61156 -7.61156"
				}
				offset_normals
				{
